0.9409645248098597
0.8179897158674021
0.43012532230112555
0.6750714168424877
0.4120913203175497
0.6714927482141898
0.41223871578965193
0.6713941157481622
0.6600738798429654
0.660277275762567
0.9372203429293242
0.7121722644508047
0.3937312470804212
0.7933291380871043
0.7934205207051255
0.575609707008053
0.4087907408932802
0.6489567148880064
0.4046215070366913
0.5249551547865906
0.4050201845154782
0.7017018882831507
0.5533482754696086
0.5614440039277073
0.5576047286702476
0.8110288637587314
0.4154463723431653
0.8007050137857061
0.533974255098892
0.6616218863920088
0.4601091722548724
0.14205140930239277
0.14203791279820807
0.3159709900865161
0.32926008135250545
0.4565926776513337
0.38756332809241273
0.0
0.34351647408808184
0.427358292965429
0.4136393342548067
0.6130754939394324
0.12222302728784162
0.3505830765745434
0.48333601774094664
0.6134084532360102
0.5359401009778076
0.7903103167181413
0.7905332096363515
0.4328354495039982
0.5091129736472622
0.3383287142059375
0.6259573083892847
0.5493964766175395
0.6855830642947606
0.4729898123343611
0.3119226589469042
0.4731051079060135
0.35872186077090806
0.4898043486201604
0.45606663439170486
0.5345548255838162
0.49403967226617596
0.5814195145673317
0.6383398991209518
0.434323009227101
0.3784529718195258
0.43407063578051097
0.4338602712926697
0.5022801177255704
0.42947011827115655
0.42918168059898065
0.410101152482593
0.40530242711920983
0.40515616808884003
0.424249033347373
0.39986000314342746
0.3511506901372642
0.6606020457582921
0.3999114238070403
0.39994906832175103
0.4047848867828219
0.414516351441493
0.4238962428702499
0.39931441983371907
0.35065484019797355
0.3832986885238627
0.38321879834777145
0.3770817201384148
0.3893825713090745
0.5172402705619302
0.37730800453230406
0.377292308287197
0.3999582213672324
0.3775118197175016
0.37081332301479747
0.37697609446987157
0.3772060124377941
0.36404769726649927
0.38329149877304625
0.36386187908079215
0.21669854477696537
0.3635658605558764
0.3635447817942393
0.363637810142169
0.3638304308691867
0.42352138013535967
0.363432239843741
0.36317714792923367
0.3631664130087631
0.3632456135182585
0.8041968825101999
0.3501283698004975
0.3988115679334534
0.3632445872283145
0.18243683602867428
0.11498499205787088
0.7182432290815239
0.689435147751497
0.7181873989257659
0.7182141675168305
0.39877501805205195
0.4586322823671965
0.8554284022915208
0.45409488044771124
0.4322158899393657
0.7500487248300693
0.7499485584999976
0.4091842873707455
0.75002224816474
0.48830953312736286
0.5006548964417048
0.48842058389893944
0.4142023646444973
0.4235954473088934
0.4282605979615841
0.4238453200202629
0.42407405290741057
0.4045886493928553
0.3945879574079466
0.3997676936110187
0.3893485594868079
0.38936235427877686
0.3892802339034576
0.38932731896477285
0.3373215454059704
0.3894548938206062
0.3891677207487223
0.3943840432675418
0.39427880804389376
0.3944586954206168
0.3889816250327554
0.38908197395504884
0.3834511171463321
0.3889659383726685
0.3889461223131001
0.3888114933384418
0.38894923191302816
0.38318418750084404
0.3889145706759892
0.38313156628048217
0.3830216928943609
0.3831303463573926
0.3831922393792512
0.3830669804287151
0.3829583990732624
0.38275279749247765
0.388274765592288
0.38814479881759056
0.3878449545227671
0.38783580949449625
0.3875499633404115
0.38747250911741155
0.38739355257883773
0.381552979639418
0.3813321221848291
0.3813382483084377
0.3810955463362168
0.3813324804120399
0.3814257191758613
0.38117877440293974
0.38109121407538754
0.38093696869598603
0.3811108654544886
0.38082475390443743
0.38083792580020714
0.38084890455667153
0.3809315871902648
0.38084466811517015
0.38078383853075254
0.3808895127513152
0.38081060342275086
0.3745254370925003
0.380794411560441
0.3809130906248297
0.38097232397999314
0.3810679098512934
0.3811799957060539
0.38100612630423053
0.3809560817184152
0.3807662373503803
0.3811005669734874
0.38113978408164945
0.38122427754961874
0.381168535948058
0.38106434240372516
0.3809287830223095
0.3807971678390875
0.38071967312822136
0.38058327995647423
0.38031278263238905
0.38034669970725515
0.380025156586342
0.3797486378122069
0.3797600745193357
0.37991932530431166
0.37986022673067826
0.3798075417316535
0.37963808449464126
0.37977404535003634
0.37992423261807023
0.37981409336771593
0.3800234902780393
0.3798152301794748
0.3798887467506647
0.3798627453903826
0.3801575884921811
0.38010914701073284
0.38007643784589584
0.3800052615699084
0.3798472137170791
0.37988709611186955
0.38009235548168946
0.38016717736000677
0.38040553979180314
0.38045651858679713
0.3804019316485765
0.38050380570689285
0.3804639252912224
0.3804512644503318
0.38045398992631163
0.3806206909407697
0.3806183662723988
0.3804587385682569
0.38045647293258655
0.3807483945951417
0.38083538842207937
0.3871212233260438
0.3872251263868777
0.38695977537241605
0.38691562958208253
0.38674487138239516
0.3867265202527245
0.3869613677297854
0.38671181670653676
0.3868444354468174
0.3867103443843559
0.38655530390925164
0.38644001280918194
0.3863097132313218
0.3800121418557113
0.39170133105239197
0.38638124323819867
0.3915906078138196
0.39165868495636263
0.39163369823989796
0.3862485457989174
0.3862263328898933
0.42109915136656656
0.39157051299320944
0.39140955306562863
0.4063406116746114
0.569682432830709
0.3912175333688773
0.39640606261128025
0.41116139168477384
0.39632633193248473
0.3855710110810361
0.40621569657418793
0.4063357195771518
0.38571351140708277
0.4209145809787919
0.406638750708866
0.42092015456858123
0.391195108832993
0.41603813035783055
0.6734422607793377
0.4060051097583482
0.41112497376858653
0.4342600217448142
0.3855934597558059
0.2275867649580467
0.4254640461556858
0.4064039699950109
0.41620925936057357
0.3859775323200675
0.4161920351654419
0.08702225741988212
0.37955139699742546
0.4390319794742456
0.3796706346235892
0.47794986648291216
0.49041049813500914
0.4069947022911803
0.42165824236380545
0.38007040214456644
0.4074008439255045
0.43135991416891367
0.3802099227044042
0.46191734446423477
0.44452333497780466
0.44021031259433957
0.4405024407402772
0.44495266831698804
0.47073221713534424
0.38072857883610184
0.3926532236217481
0.5328697825225774
0.540814577311881
0.5245945727960737
0.694171631398736
0.3737946280226409
0.7086928223660213
0.723117126425958
0.22143702574700505
0.40265388087105913
0.22149586091406773
0.38077677435327406
0.2950449745185714
0.3926392665352275
0.24831881945224105
0.3927596847434522
0.04706149838724504
0.04707440595070787
0.9798591965484266
0.37412911303214536
0.17470727889593432
0.6177288722835474
0.3412219829539519
0.16797684872341775
0.16808772785617845
0.4531717350857082
0.1613276654772274
0.2949958857118965
0.16134738949624672
0.3481953246268754
0.1615277283186511
0.41262971577287433
0.392332440736138
0.16131129512251507
0.19481886104871957
0.2946258848355725
0.19489457151650602
0.38024713841397206
0.5974094709103712
0.6012225334300074
0.29459760110397515
0.4166354620095392
0.41679126610517087
0.4120154022315138
0.9456437871648684
0.36768745920369617
0.20865714435952296
0.40223370999372354
0.5349347615051261
0.39757509354246073
0.4571819250958169
0.4026490603347429
0.29499317704548855
0.5149405060634664
0.3674770817181623
0.4072533595915357
0.6710662386500267
0.5929147603107673
0.4306722642421154
0.19521534791758213
0.3479467924637013
0.4069629553765108
0.42120943157091967
0.3916539611381764
0.3861593502153289
0.4162542483765427
0.420906740983099
0.41633690658746514
0.4163764706594304
0.41632335780669816
0.42097554619172733
0.4517002282625711
0.46460773528228827
0.41587659657537057
0.4059562377638755
0.9359383887519065
0.618543369980527
0.4425176827165407
0.41533639267662203
0.16778787177927534
0.4334889723047011
0.47228771515589696
0.6034430496729892
0.6035286166666741
0.5136785683844668
0.35315966270970994
0.41981787702487217
0.5252229699559876
0.47186679802020504
0.4968932891501376
0.39038715807269164
0.5992216533012622
0.7067757324723274
0.7030614145141827
0.5087763509615179
0.6027532290341228
0.6808154711808065
0.22134461282065906
0.2674301187899013
0.4412223036451431
0.4710765822172576
0.875211158699901
0.8160871972297956
0.3891078921162105
0.9567482529280763
0.08070911709739188
0.812381523434594
0.6165529474167557
0.7312248007590758
0.10074119907321288
0.6691782591969608
0.8650134410721674
0.8651301678984197
0.7279653667138968
0.7776498834575903
0.9572927926844225
0.798647333708436
0.9539392817139688
0.8995980745029886
0.4157758159852276
0.6232605419133261
0.2265003825451438
0.32996101870079453
0.3298199144298629
0.8166261174403132
0.8236963640442179
0.6082618724124895
0.23255679177750074
0.4544616773530713
0.01335545949247824
0.9514145521137891
0.501274052325415
0.06686991293726725
0.7321502154380604
0.38960431810676077
0.06014454812520877
0.9518020987910604
0.0600644081473313
0.37219216346283834
0.5254359497685034
0.07992103895480462
0.8670906966909047
0.9757750781719019
0.4173834601407282
0.2698495832949089
0.5778288431140256
0.41735005863877717
0.733582356921761
0.7798194250609516
0.6857562224786734
0.7941542571554255
0.5825752261614389
0.5826261834357318
0.9728669557829257
0.22484322329861867
0.5385323368979795
0.5385396114474302
0.4801824499320712
0.8780085424708723
0.5589553222252508
0.35293834162205273
0.48035859973914186
0.30202770375292587
0.7799232016967704
0.2766313294723808
0.2766109364942722
0.6705162208597603
0.9153487002770776
0.7149919442655511
0.7148597658114698
0.7039179792473175
0.5779956978684373
0.609449666729897
0.47905728070509684
0.6173066406893694
0.5254166442889487
0.4961004403008623
0.8784474675790939
0.48306753547880577
0.8368458697515345
0.3694175899382437
0.006641031838988554
0.8228765149549288
0.6094039884270342
0.5895510000214752
0.9605048647140328
0.2422767378133165
0.7305226480994672
0.9540374665015058
0.7306082912323345
0.752396248984916
0.3366562915898643
0.6787775645636311
0.5898185903353026
0.8932263948038494
0.712371757494893
0.28610265907020094
0.4454642256715339
0.8658547106338167
0.6669711332286593
0.8273061016969663
0.07249632325644195
0.09205215010233084
0.9782124343820862
0.5728106085933162
0.944658137972572
0.046151390000694875
0.27240446327864054
0.8902870441918705
0.8625836912942574
0.3402915947525332
0.8240454923439645
0.44327395275710774
0.2778194132788776
0.0918033945890913
0.5219106720781457
0.9386455594695964
0.6510098973661529
0.8946362251897984
0.9048930287278673
0.9084071462310844
0.5342228572727221
0.6040772152169982
0.6862888922178163
0.5549985456855127
0.7089793678812417
0.37873116850825556
0.7278181880422006
0.7350797582164866
0.4365386227087129
0.19426111416326722
0.7683391009322788
0.6826862372054082
0.05876732032806995
0.7019862573126104
0.3928483927964563
0.1298369836041632
0.3180426925908174
0.06530548266726983
0.00654164130447618
0.1362289828468491
0.8893035508693491
0.13624745715330897
0.20017734102904994
0.8263121610443486
0.913201213378621
0.9772204009810145
0.07179231519115027
0.07178684689428087
0.5714757723687063
0.0847861113800471
0.16843214282388272
0.7290562653743909
0.21888871797272738
0.6599604222067292
0.616420024669994
0.4163290801023968
0.7692879648833092
0.42092025770318975
0.7910307799877905
0.35267471183508114
0.006544767703869201
0.026149242650141086
0.10403281552173545
0.6833763623825847
0.7179089792870623
0.3221812320297968
0.21866278024827657
0.5586621068892982
0.16834019214574092
0.2495322800138261
0.2493437047834521
0.4757613555810862
0.5709169608256253
0.17448974292539668
0.3150689887327659
0.052379548861584836
0.7981766128445675
0.2301674108461811
0.43251162202579696
0.23622578017280715
0.690226378255739
0.24197760251085212
0.8339428994572459
0.8409938491711718
0.15475164528549856
0.5041312268913042
0.33029083991117797
0.9688279721460142
0.42034793290754807
0.02610106884509826
0.7938914303394201
0.567811211809101
0.160433374111884
0.4618899548316688
0.19738101682437456
0.4705415124859585
0.904388050658524
0.34490267428844434
0.29838630707425934
0.3042529104476105
0.4079396502590048
0.5101879293463587
0.8341218891498333
0.7310848405730782
0.9357891827888856
0.5094746796130146
0.34881043214744295
0.7610193808396052
0.24400914103315588
0.4542530641294606
0.207792786432964
0.6198613373328554
0.34755443965597727
0.6199556210670337
0.35275282323746093
0.5482905110180434
0.8065220293167974
0.8959822536838401
0.5613878973952521
0.8395936163575296
0.6732593387869293
0.3122646017230806
0.31200430956946296
0.896514619983899
0.31167841592273327
0.9342389523271531
0.9377182844823878
0.6980083340343256
0.4566522386100254
0.04476713169668578
0.16341534941113095
0.7145290832361916
0.8836078609295958
0.7184811051201696
0.8518112492675807
0.0825419432904414
0.4415169368725572
0.47488495255829855
0.8943541432709996
0.6583849390037668
0.39676918257319516
0.9623084916726079
0.5828925561082889
0.9756875241752953
0.7232607808784206
0.5293139585041665
0.9018017482184839
0.8527319044540841
0.3258940222101505
0.9660656552863568
0.9055123761476856
0.9727203242649968
0.20449545069816463
0.17447181923819735
0.9593872628601335
0.754126758666634
0.21644039756839323
0.7614665474123022
0.9527914690259079
0.4691881613669501
0.25711917656961264
0.1741237030027506
0.9261466382519975
0.8886732946208773
0.3584568142547354
0.5959436674069667
0.49274209862353213
0.9795735375651636
0.8818321625619057
0.9531135301905558
0.8921883701005788
0.881634609195694
0.7318263062784711
0.46509005703352635
0.0063439390537392655
0.5921816898508616
0.359151212987564
0.8817885514426437
0.5709182244066511
0.1919092303796863
0.0630377576495093
0.8823010869744312
0.0
0.9098465478552005
0.7557661280790117
0.7253900606908122
0.2857280528324056
0.9101410590982721
0.35898418791427755
0.7522760532675602
0.2033752950205668
0.3590576993141861
0.6612212410801
0.2624161371835623
0.40678443731116926
0.7564349964174362
0.9669264269912194
0.48098149718913435
0.4809361825827732
0.35363526336208834
0.49031233671528485
0.0
0.6072692839994588
0.4069586236098393
0.4810672044239312
0.8478164423684857
0.48110556379868014
0.48108196462201835
0.26836307147408967
0.11224717338708357
0.05032369497998172
0.8547792676069422
0.8298729922166121
0.20326526967155423
0.6071623669538593
0.13061844692281105
0.5769259201531705
0.4472788832827409
0.5768661306465526
0.28587539739847295
0.9000117910816535
0.8582197436259368
0.7220640140868334
0.858230407598893
0.5723400811933961
0.9201623068012049
0.25701587131422143
0.5723536251805537
0.3489671086122344
0.9031841908672796
0.5545743951777093
0.33807405367510146
0.42739532405747316
0.6938448476075109
0.20996778802840568
0.8111520777203423
0.2099807134236823
0.8750906437581972
0.4271336795018772
0.5083203276002128
0.49905256362189343
0.39195048175606856
0.1678365036150287
0.1495868624238093
0.5126368188028789
0.24619284123391477
0.8283067111392974
0.5080484076560504
0.9323638863572901
0.48467673140352235
0.7510138977164931
0.11282670817507358
0.14356140849520538
0.333265694914979
0.05691422637161649
0.3224137160618489
0.4616007431444511
0.29936324356723437
0.6562339396640294
0.6972392259802545
0.08190541337108555
0.7365709537103667
0.5716227895167332
0.7366064592825208
0.1927548094866388
0.9787125880593222
0.30041727429291637
0.8427655986505679
0.9454528191938493
0.9220541759656647
0.519288878390654
0.8776879325325059
0.644526895632587
0.18109161452956102
0.515044021979542
0.7328202580686509
0.5596365807048814
0.8100488671590197
0.6067252425934861
0.469323736105383
0.5644453284108729
0.31397444796709145
0.044534904931974734
0.7810224981173022
0.7289106562945256
0.7956395447544006
0.669835102201589
0.6940492864610229
0.24938624001919027
0.6575588115345695
0.24353226692917507
0.6618991196650102
0.725613234874237
0.24395993274168287
0.6702445763886893
0.5523183673260524
0.1703242476472981
0.4759521731278479
0.4667059657653579
0.4620347585787326
0.5826116697339088
0.4621814011573509
0.5565168846921436
0.4529939461270878
0.7585348390360992
0.37423667120498794
0.6653394223958734
0.4764046107532264
0.4099913489996521
0.40014447759183897
0.8583341996406605
0.6527707852390143
0.3695484920503231
0.3697700499156342
0.15876941025564348
0.9564065383170793
0.39566727305795657
0.9295424314070474
0.9294138532126283
0.6807477315833356
0.4540536711458614
0.5820344174355216
0.7420644826252383
0.573381472814007
0.6517781817830999
0.31354180194856013
0.9454212389459622
0.543149425673252
0.7890967918386871
0.006479549439444364
0.33811977585019765
0.778267974335134
0.3446028062540465
0.0
0.8031193638825022
0.5734064247761863
0.7562273043330933
0.7886365461001188
0.2726770937836347
0.6638239314680408
0.5861240567018213
0.3742177932400758
0.3580738971913196
0.9775236199202891
0.3164961476262744
0.35868352236013074
0.8623374444257735
0.8553024969502372
0.1356247827983325
0.21793764225098744
0.43840223657367566
0.8197022195741804
0.026017600917249577
0.4298888977796798
0.09736675170061355
0.4114887139997178
0.23146190462452593
0.1167937247129226
0.8895581362721202
0.8894285055018856
0.8791147396410165
0.6600491081105669
0.32559636950583676
0.7947404202619401
0.7768955560811158
0.7143037138946275
0.0
0.7587308595906638
0.4367606411555708
0.710566625183579
0.4141329509666347
0.23298635922658997
0.6639817920883678
0.1370923295559516
0.8815060510034345
0.25233562234167584
0.5586024962571893
0.952205832020645
0.7057048209917098
0.7319836603607319
0.7320267122628662
0.35919570115247673
0.7752991921048302
0.40616163097499786
0.4831221614497146
0.08536847937480971
0.5507164162776303
0.1763593504911659
0.7093235424205858
0.5387451453836122
0.3668407763635314
0.3046800519175837
0.4077761971749414
0.3048424460820002
0.08539011977847721
0.3793419289810226
0.5149855534175523
0.4276451634386956
0.1771427014229116
0.36895400644035026
0.41903177391709284
0.637094545890774
0.4731206644637691
0.22276825664900857
0.4467863990490953
0.4949635317674613
0.07891541036301623
0.482206629585858
0.36386807264123355
0.3069980043863403
0.2554989250005323
0.22331421349908182
0.7613024035068456
0.13835833894200752
0.24962087243722333
0.13188224323449182
0.5418385988285797
0.26266968720561823
0.3079845713188048
0.44412456160592517
0.8592989648472877
0.18424839343449012
0.07240480931700351
0.09220834051290985
0.03946762674943801
0.1383210082794078
0.9034210045452753
0.07904513648689016
0.334384712705191
0.1318155102743022
0.8727684247190097
0.046078439383430043
0.956662070480913
0.9698854434301132
0.23707110263949682
0.9665399239877698
0.07913451898701994
0.9363942871833849
0.01976432538814446
0.9062161641570331
0.3028488099250626
0.13882507557251608
0.9728915796656494
0.8723316747336793
0.9728179185436285
0.9628295776923397
0.5995399781024601
0.8722262427249298
0.9494018826515764
0.34911497720245244
0.8756297118895175
0.7542164717420321
0.8240657531534661
0.31640022709087384
0.8890699835804889
0.9693206691306935
0.7473791560080462
0.7964566696668015
0.827444864316052
0.7647989192192096
0.7071521282061721
0.7647331534821451
0.7433530559872112
0.7325368117112795
0.6993690217909333
0.6843005376641031
0.4112084671405613
0.7245394740615839
0.6688586923230624
0.8367614193416617
0.888173201177179
0.742338516651997
0.9182754747636742
0.7132184602581744
0.7422854070135154
0.6570549376071234
0.6874151911114849
0.8502860182367699
0.6835696646672615
0.3108347226988943
0.6378499053993508
0.668688755216646
0.6608787202627688
