0.861574
0.291566
0.829339
0.927665
0.631383
0.825411
0.881393
0.924593
0.574304
0.8911
0.704973
0.790461
0.956893
0.84858
0.837927
0.974074
0.848883
0.968281
0.516537
0.718632
0.821962
0.817478
0.53527
0.414456
0.912346
0.654166
0.790538
0.330601
0.00547764
0.845209
0.817461
0.871676
0.844726
0.685639
0.8651
0.452704
0.699311
0.0109312
0.0326373
0.955799
0.539223
0.841501
0.610854
0.643699
0.790235
0.758287
0.739939
0.851979
0.328884
0.643186
0.799287
0.162971
0.542795
0.817523
0.595862
0.794924
0.881391
0.552191
0.703306
0.85231
0.268306
0.074499
0.680031
0.803801
0.406316
0.881116
0.0898324
0.647246
0.698047
0.693472
0.973836
0.702476
0.838009
0.360969
0.905098
0.35592
0.0789241
0.868304
0.399754
0.185952
0.608272
0.21089
0.956444
0.54011
0.757641
0.325134
0.0785016
0.0990849
0.874769
0.71598
0.442466
0.432682
0.794531
0.941947
0.743966
0.720806
0.922168
0.922194
0
0.129374
0.822296
0.616937
0.898855
0.582613
0.0105904
0.90172
0.010591
0.892788
0.883647
0.644614
0.630318
0.966239
0.387103
0.751963
0.75195
0.733221
0.883393
0.28806
0.870936
0.864548
0.371215
0.929366
0.769841
0.511524
0.86111
0.623417
0.802529
0.408952
0.864073
0.632442
0.172799
0.0569688
0.593175
0.157645
0.967006
0.679478
0.863249
0.460509
0.916886
0.869494
0.863204
0.786734
0.846796
0.601691
0.445694
0.445623
0.659073
0.64495
0.489286
0.151994
0.33372
0.843699
0.284781
0.0969949
0.35325
0.863417
0.86334
0.342778
0.372
0.971215
0.0515149
0.843597
0.025978
0.843464
0.220583
0.0311299
0.847193
0.161698
0.84711
0.930456
0.847209
0.902516
0.843887
0.792152
0.930583
0.806339
0.952507
0.955271
0.919316
0.683593
0.872794
0.847428
0.854044
0.616744
0.857377
0.847476
0.837043
0.833304
0.825293
0.616681
0.84425
0.631592
0.829465
0.816103
0.811193
0.815867
0.611505
0.908017
0.824829
0.81096
0.89926
0.630092
0.630228
0.658929
0.639666
0.881756
0.634715
0.875603
0.896304
0.67309
0.0308095
0.884774
0.940712
0.940724
0.962167
0.878675
0.673167
0.887491
0.887425
0.901667
0.887304
0.881606
0.887446
0.881389
0.881463
0.881453
0.88142
0.872186
0.881485
0.881532
0.856879
0.850407
0.8569
0.853455
0.853237
0.853199
0.856239
0.846243
0.849313
0.842446
0.846016
0.842588
0.842658
0.842711
0.842583
0.839029
0.835282
0.838807
0.838803
0.842604
0.83885
0.838827
0.835194
0.835157
0.838768
0.838549
0.835103
0.834832
0.834906
0.834883
0.834592
0.834373
0.834604
0.831003
0.830811
0.826975
0.827066
0.830904
0.82702
0.82718
0.826921
0.830787
0.830784
0.830747
0.826989
0.826784
0.826668
0.826713
0.826513
0.826429
0.82657
0.826548
0.826567
0.826771
0.826786
0.826753
0.826711
0.826863
0.826648
0.826447
0.82615
0.826125
0.825887
0.821746
0.821839
0.826045
0.826121
0.826201
0.826197
0.826042
0.826046
0.821801
0.821619
0.8259
0.821676
0.821646
0.821474
0.821655
0.825645
0.821386
0.821624
0.821394
0.821225
0.82116
0.821062
0.820784
0.820874
0.821097
0.82114
0.821105
0.821334
0.821318
0.821024
0.821255
0.821251
0.821273
0.821366
0.821387
0.821336
0.821276
0.82128
0.821135
0.821117
0.820883
0.820723
0.820892
0.820705
0.81607
0.820761
0.820937
0.820716
0.820708
0.820785
0.825005
0.825091
0.82079
0.821008
0.833595
0.821469
0.821465
0.821409
0.821492
0.821514
0.821286
0.821491
0.821204
0.825761
0.825643
0.825779
0.80247
0.825769
0.825773
0.825795
0.825957
0.825858
0.807242
0.830022
0.830095
0.821569
0.830116
0.830125
0.830095
0.833883
0.821399
0.841026
0.821287
0.825782
0.193865
0.825691
0.84789
0.847911
0.976696
0.979422
0.821128
0.825472
0.825537
0.844288
0.825274
0.81633
0.825757
0.830143
0.816798
0.830163
0.816547
0.821176
0.829915
0.821197
0.833732
0.829971
0.807199
0.821194
0.833808
0.8119
0.833768
0.797614
0.847763
0.84443
0.821134
0.891351
0.908638
0.825492
0.204663
0.816549
0.90008
0.90014
0.837304
0.928537
0.557282
0.816499
0.841053
0.833734
0.841211
0.906125
0.84457
0.821184
0.841247
0.674031
0.224797
0.826076
0.717373
0.837892
0.826129
0.826102
0.101932
0.807616
0.669488
0.0311645
0.722167
0.873907
0.817344
0.641356
0.848449
0.876813
0.717508
0.717824
0.717747
0.821541
0.602397
0.717608
0.803309
0.841887
0.830771
0.808002
0.830684
0.176636
0.196258
0.808309
0.831315
0.912675
0.21599
0.0771393
0.827065
0.86544
0.855727
0.855485
0.838371
0.82643
0.870931
0.834524
0.82199
0.830871
0.015686
0.848707
0.855252
0.784237
0.841979
0.838277
0.841914
0.82636
0.0105161
0.365866
0.956875
0.84166
0.858092
0.956896
0.838186
0.010511
0.879826
0.879803
0.851789
0.569129
0.010535
0.838201
0.617922
0.903727
0.627133
0.0726142
0.845154
0.574159
0.511145
0.821789
0.821628
0.153096
0.830539
0.8381
0.689167
0.838155
0.841816
0.0776537
0.812451
0.817231
0.75121
0.906758
0.589073
0.831126
0.861936
0.973773
0.294746
0.0622242
0.676671
0.681418
0.551544
0.889996
0.143279
0.643738
0.648824
0.552574
0.572009
0.974615
0.790771
0.0262983
0.538113
0.654035
0.836063
0.743932
0.267119
0.716148
0.961701
0.781926
0.749095
0.673938
0.384368
0.0989218
0.490846
0.0265087
0.781872
0.853403
0.828092
0.919972
0.80974
0.800506
0.866283
0.263813
0.843282
0.846736
0.846528
0.846658
0.869076
0.574064
0.832291
0.791281
0.622276
0.170624
0.800818
0.843715
0.366865
0.439546
0.853697
0.875734
0.0687199
0.717378
0.585182
0.88525
0.937819
0.670997
0.671213
0.76937
0.912194
0.34895
0.8249
0.944027
0.82511
0.211685
0.0480857
0.938608
0.769843
0.110708
0.903628
0.0162177
0.126328
0.544452
0.616336
0.296695
0.301622
0.903993
0.379917
0.212796
0.927854
0.715439
0.724794
0.922143
0.738871
0.584184
0.288355
0.931181
0.937106
0.536341
0.96008
0.303633
0.729771
0.971565
0.931462
0.522443
0.279208
0.112119
0.353228
0.889289
0.833795
0.954988
0.651502
0.0274154
0.847979
0.547433
0.314553
0.861017
0.923025
0.184869
0.407467
0.943865
0.864152
0.873794
0.731051
0.789848
0.467052
0.812161
0.81215
0.0762615
0.539697
0.926699
0.935784
0
0.758541
0.956643
0.607036
0.785324
0.844053
0.539978
0.549428
0.676073
0.898937
0.870227
0.689761
0.0763911
0.811017
0.356177
0.953809
0.160531
0.853614
0
0.336592
0.788853
0.93922
0.914776
0.920953
0.856921
0.0332382
0.625142
0.592254
0.827616
0.792839
0.492049
0.707952
0
0.823564
0.739679
0.621331
0.797491
0.0658637
0.842726
0.842725
0.831509
0.191871
0.757453
0.945748
0.15579
0.73105
0.957887
0.801561
0.735274
0.730645
0.927615
0.531938
0.739806
0.0389441
0.318343
0.387313
0.846229
0.328349
0.599318
0.124833
0.937415
0.431703
0.827248
0.0280456
0.466074
0.022493
0.723113
0.055486
0.846535
0.819079
0.213855
0.543775
0.505355
0.863839
0.141431
0.162465
0.167798
0.568146
0.152155
0.860533
0.596712
0.300523
0.310572
0.592374
0.919726
0.225045
0.360873
0.230211
0.326201
0.941806
0.380998
0.0834373
0.680162
0.230945
0.105083
0.372088
0.698524
0.960817
0.317479
0.532111
0.831201
0.537495
0.831269
0.0341667
0.575444
0.4654
0.707751
0.834799
0.469928
0.845891
0.767936
0.626682
0.174874
0.402421
0.863586
0.18012
0.522925
0.658204
0.658125
0.976535
0.776357
0.763451
0.763553
0.866939
0.431943
0.185483
0.169765
0.781128
0.594925
0.456301
0.533573
0.190918
0.668278
0.111437
0.538763
0.442597
0.806347
0.442838
0.13288
0.558204
0.814448
0.349489
0.888028
0.88799
0.349621
0.544144
0.690908
0.959335
0.686586
0.673305
0.682112
0.959159
0.668617
0.154558
0.568047
0.309842
0.971796
0.838212
0.144114
0.419636
0.122847
0.838104
0.682618
0.0458589
0.311067
0.535817
0.425038
0.797728
0.931556
0.845685
0.856608
0.391104
0.5358
0
0
0.934497
0.921427
0.841434
0.239422
0.797163
0.78883
0.05725
0.904884
0.531182
0.502437
0.502411
0.234131
0.637612
0.117753
0.0515916
0.0959733
0.614972
0.88092
0.197744
0.601576
0.160852
0.972487
0.845475
0.615725
0.239476
0.837984
0.239447
0.606967
0.430738
0.842021
0.270283
0.416057
0.415993
0.416004
0.777282
0.67843
0.117606
0.687667
0.818635
0.101232
0.75236
0.853448
0.371602
0.361576
0.902334
0.91554
0.356543
0.9054
0.63881
0.624721
0.606245
0.468869
0.734809
0.284927
0.284857
0.938046
0.881233
0.591452
0.898296
0.651085
0.716484
0.519999
0.968598
0.164741
0.953115
0.848339
0.159416
0.654207
0.52848
0.653913
0.65376
0.584634
0.630829
0.231908
0.195744
0.753487
0.190451
0.884118
0.368088
0.45545
0.714522
0.870228
0.76599
0.0170821
0.657382
0.503295
0.727414
0.382606
0.137169
0.483999
0.936538
0.620881
0.894345
0.607058
0.573937
0.665918
0.0670483
0.0724939
0.735686
0.862947
0.0559845
0.615424
0.97253
0.903833
0.812167
0.808146
0.596553
0.803755
0.0281995
0.492191
0.395653
0.848407
0.356159
0.808127
0.963043
0.609864
0.33107
0.932427
0.841034
0.467765
0.919848
0.897236
0.534777
0.404929
0.753139
0.665199
0.809016
0.244433
0.877287
0.821585
0.852921
0.279224
0.69571
0.748618
0.207851
0.778783
0.334405
0.334344
0.268654
0.940824
0.599449
0.0278429
0.690882
0.258274
0.0333332
0.730682
0.397918
0.887575
0.677494
0.677408
0.857133
0.0817098
0.857142
0.617773
0.0710487
0.60832
0.445915
0.0276771
0.74871
0.78833
0.206472
0.960968
0.78416
0.440246
0.3171
0.531978
0.691024
0.440305
0.464498
0.128744
0.271597
0.827712
0.835798
0.915531
0.621719
0.593457
0.857912
0.473711
0.894116
0.930788
0.977479
0.0384401
0.95424
0.915382
0.906126
