0.398784
0.0631837
0.81857
0.822299
0.822217
0.802395
0.806403
0.763791
0.776518
0.745906
0.679463
0.648143
0.522936
0.356747
0.356938
0.93753
0.785921
0.716985
0.515016
0.631951
0.712975
0.480851
0.402208
0.377121
0.186153
0.14804
0.946735
0.92434
0.914467
0.795822
0.558322
0.43424
0.370494
0.259313
0.169299
0.185739
0.0868046
0.0925424
0.944024
0.905334
0.812512
0.49162
0.665973
0.278358
0.0414429
0.035618
0.954847
0.905894
0.874477
0.874234
0.834097
0.806781
0.773372
0.739489
0.416119
0.280203
0.145196
0.922995
0.87424
0.841301
0.717943
0.713324
0.585607
0.343219
0.25005
0.0951177
0.904994
0.819911
0.77059
0.645856
0.610638
0.529796
0.497316
0.435663
0.367591
0.195948
0.222908
0.123443
0.0481361
0.928986
0.270461
0.756729
0.564738
0.550592
0.643997
0.523588
0.443346
0.375799
0.269429
0.194525
0.150514
0.779237
0.757735
0.706532
0.685073
0.637223
0.574997
0.593231
0.406346
0.435436
0.275304
0.285745
0.0770365
0.942143
0.785664
0.713172
0.533781
0.510486
0.48672
0.17128
0.509574
0.518568
0.0699989
0.811908
0
0.655006
0.541123
0.445464
0.315649
0.310759
0.269634
0.174163
0.195857
0.206527
0.147046
0.0859687
0.859964
0.64852
0.556759
0.528999
0.249576
0.207146
0.9723
0.95423
0.93587
0.801128
0.620464
0.615414
0.796454
0.596007
0.567516
0.496091
0.452635
0.418593
0.199824
0.145951
0.090819
0.0342486
0.97603
0.955379
0.903256
0.822176
0.595789
0.374193
0.257455
0.140342
0.107273
0.068169
0.0227602
0.942192
0.914702
0.876125
0.859552
0.824925
0.791475
0.736565
0.69951
0.587249
0.506698
0.35036
0.280344
0.914087
0.64343
0.763583
0.601664
0.597269
0.512295
0.449803
0.316244
0.286038
0.21355
0.244899
0.265686
0.923647
0.86997
0.836198
0.836077
0.787411
0.849683
0.754948
0.708638
0.704488
0.681083
0.294473
0.116257
0.0779955
0.943007
0.922082
0.9159
0.912682
0.891075
0.884945
0.885131
0.869476
0.843473
0.843398
0.814533
0.814572
0.810422
0.717354
0.516795
0.511858
0.487544
0.458232
0.429027
0.374884
0.374866
0.354609
0.344474
0.343959
0.344061
0.243528
0.113191
0.972286
0.94437
0.927375
0.892277
0.880274
0.775944
0.618478
0.447653
0.378793
0.196925
0.170892
0.176219
0.284278
0.0866059
0.0435028
0.957755
0.915108
0.914808
0.909273
0.906301
0.876243
0.875901
0.875501
0.868902
0.862504
0.862381
0.85912
0.842834
0.846361
0.849835
0.856584
0.850181
0.847047
0.84363
0.843405
0.839875
0.839784
0.839677
0.839608
0.835946
0.832336
0.813698
0.817452
0.817729
0.804958
0.732563
0.669675
0.697742
0.7403
0.850837
0.82963
0.818182
0.813899
0.813519
0.81313
0.809124
0.808996
0.808716
0.808438
0.812439
0.808457
0.808467
0.808788
0.808781
0.808754
0.809184
0.80917
0.81368
0.80924
0.808809
0.80435
0.8044
0.804292
0.804323
0.804465
0.808978
0.809141
0.805082
0.805506
0.805701
0.805675
0.805661
0.805659
0.805873
0.806146
0.811164
0.811664
0.812078
0.816103
0.811558
0.81137
0.811013
0.806159
0.806015
0.805645
0.805657
0.805678
0.805913
0.806247
0.806668
0.806788
0.806976
0.807416
0.807277
0.807277
0.807161
0.811777
0.811942
0.807636
0.812658
0.808474
0.813641
0.818332
0.829911
0.826488
0.893362
0.850785
0.83335
0.847172
0.850429
0.962472
0.929953
0.393166
0.649304
0.649796
0.713724
0.786205
0.780979
0.63821
0.642537
0.641971
0.726
0.77498
0.78008
0.808884
0.808847
0.808936
0.808872
0.813192
0.817079
0.812432
0.816465
0.823998
0.735089
0.778842
0.715329
0.80224
0.806866
0.819587
0.819721
0.827286
0.831041
0.861333
0.831571
0.88307
0.845904
0.839231
0.808572
0.817237
0.657478
0.788955
0.662179
0.7984
0.807864
0.812523
0.783987
0.80749
0.811746
0.806775
0.792528
0.79263
0.841274
0.788105
0.827326
0.823826
0.873615
0.85215
0.839006
0.839147
0.789506
0.876938
0.617952
0.769299
0.36328
0.528936
0.845389
0.047368
0.579314
0.0420756
0.901193
0.169571
0.895706
0.973573
0.55678
0.904769
0.902008
0.935968
0.941679
0.930778
0.851773
0.851854
0.838792
0.867214
0.803143
0.379773
0.600439
0.0588045
0.208855
0.183606
0.204285
0.290997
0.341806
0.342251
0.357849
0.226053
0.246548
0.0807292
0.107069
0.373477
0.463393
0.978662
0.102423
0.054595
0.958877
0.827402
0.0220571
0.967689
0.967699
0.970592
0.0166506
0.0443614
0.0111324
0.878912
0.872527
0.615024
0.562337
0.504477
0.533467
0.480563
0.451549
0.456499
0.417597
0.323034
0.903918
0.925491
0.856465
0.822174
0.872333
0.842585
0.845573
0.841736
0.827421
0.731875
0.718251
0.713954
0.709482
0.714093
0.709298
0.658807
0.644675
0.644329
0.545689
0.473616
0.31038
0.139251
0.295197
0.912478
0.909383
0.832489
0.139456
0.753525
0.784545
0.805876
0.735605
0.73586
0.916664
0.916826
