0.4477
0.4477
0.4477
0.4476
0.4477
0.4476
0.4476
0.4476
0.4476
0.4476
0.4476
0.4475
0.4478
0.4476
0.4476
0.4477
0.4477
0.4477
0.4479
0.4478
0.4477
0.4477
0.4478
0.4478
0.4477
0.4478
0.4478
0.4479
0.4478
0.4478
0.4477
0.4477
0.4477
0.4479
0.4478
0.4478
0.4478
0.4478
0.4478
0.4478
0.4477
0.4478
0.4478
0.4478
0.4479
0.4477
0.4478
0.4478
0.4477
0.4477
0.448
0.4478
0.4479
0.448
0.448
0.448
0.448
0.4479
0.4479
0.4478
0.4478
0.4479
0.4479
0.4479
0.448
0.4478
0.4479
0.448
0.448
0.4479
0.4479
0.448
0.4479
0.4479
0.4479
0.448
0.4479
0.4479
0.448
0.4478
0.448
0.4479
0.4478
0.4479
0.4477
0.4477
0.4477
0.4478
0.4478
0.4477
0.4479
0.4477
0.4476
0.4477
0.4476
0.4477
0.4476
0.4476
0.4475
0.4475
0.4475
0.4475
0.4477
0.4476
0.4477
0.4477
0.4478
0.4478
0.4479
0.4478
0.4478
0.4477
0.4477
0.4476
0.4478
0.4476
0.4477
0.4475
0.4477
0.4477
0.4477
0.4477
0.4479
0.4476
0.4476
0.4476
0.4475
0.4475
0.4474
0.4475
0.4475
0.4475
0.4473
0.4473
0.4473
0.4475
0.4474
0.4475
0.4474
0.4475
0.4474
0.4474
0.4474
0.4476
0.4476
0.4476
0.4473
0.4474
0.4474
0.4474
0.4473
0.4472
0.4472
0.4472
0.4473
0.4473
0.4472
0.4473
0.4472
0.4472
0.4472
0.447
0.4471
0.4471
0.4471
0.4472
0.4472
0.4472
0.4472
0.4473
0.4471
0.4471
0.4471
0.4469
0.447
0.447
0.4469
0.4468
0.4469
0.4469
0.4469
0.4469
0.447
0.4467
0.4467
0.4468
0.4469
0.4468
0.4468
0.4468
0.4467
0.4469
0.4467
0.4467
0.4469
0.4467
0.4465
0.4464
0.4464
0.4465
0.4465
0.4467
0.4465
0.4465
0.4464
0.4465
0.4464
0.4463
0.4464
0.4465
0.4465
0.4465
0.4465
0.4463
0.4463
0.4464
0.4464
0.4463
0.4463
0.4462
0.4462
0.4462
0.4462
0.446
0.4461
0.4461
0.4459
0.4461
0.4459
0.4461
0.4457
0.446
0.446
0.446
0.4461
0.4461
0.4462
0.4461
0.446
0.4459
0.4459
0.4458
0.4459
0.4459
0.4458
0.4459
0.4459
0.4459
0.4458
0.4458
0.4459
0.4458
0.4458
0.4459
0.4459
0.4459
0.4459
0.4458
0.4459
0.4459
0.446
0.4459
0.4458
0.446
0.4458
0.4459
0.4459
0.446
0.446
0.446
0.4458
0.4459
0.446
0.4458
0.4461
0.4459
0.446
0.4459
0.4459
0.4458
0.4457
0.4458
0.4458
0.4459
0.4459
0.4458
0.4458
0.4458
0.4459
0.4459
0.4459
0.4459
0.446
0.4459
0.4458
0.4459
0.4459
0.4459
0.4458
0.4459
0.4459
0.4457
0.4459
0.4458
0.4459
0.4457
0.4457
0.4459
0.4458
0.4459
0.4459
0.4458
0.4458
0.4457
0.4458
0.4457
0.4458
0.4457
0.4457
0.4458
0.4456
0.4457
0.4456
0.4455
0.4457
0.4454
0.4457
0.4454
0.4454
0.4455
0.4456
0.4456
0.4454
0.4455
0.4456
0.4456
0.4455
0.4457
0.4456
0.4456
0.4456
0.4455
0.4457
0.4455
0.4455
0.4458
0.4456
0.4458
0.4457
0.4457
0.4458
0.4457
0.4457
0.4457
0.4458
0.4457
0.4458
0.4458
0.4458
0.4458
0.4458
0.4456
0.4456
0.4457
0.4458
0.4458
0.4458
0.4458
0.4458
0.4458
0.4458
0.4459
0.4459
0.4459
0.4458
0.4457
0.4459
0.4458
0.4459
0.4458
0.4458
0.4458
0.4461
0.4461
0.4461
0.4461
0.4461
0.4461
0.4461
0.446
0.4462
0.4462
0.4462
0.4461
0.4462
0.4461
0.4461
0.4462
0.4462
0.4461
0.4463
0.4461
0.4464
0.4463
0.4463
0.4463
0.4465
0.4464
0.4464
0.4464
0.4465
0.4464
0.4464
0.4465
0.4464
0.4463
0.4466
0.4464
0.4465
0.4465
0.4465
0.4466
0.4466
0.4467
0.4467
0.4468
0.4467
0.4468
0.4468
0.4466
0.4467
0.4467
0.4468
0.4468
0.4468
0.4468
0.4469
0.447
0.447
0.447
0.447
0.447
0.4471
0.447
0.4471
0.4471
0.447
0.4471
0.4472
0.4471
0.447
0.4471
0.4473
0.4471
0.4472
0.447
0.447
0.447
0.447
0.447
0.4471
0.4472
0.4472
0.4474
0.4474
0.4475
0.4472
0.4471
0.4473
0.4471
0.4471
0.4471
0.4472
0.4473
0.4472
0.4473
0.4473
0.4473
0.4474
0.4474
0.4474
0.4474
0.4474
0.4475
0.4475
0.4474
0.4475
0.4475
0.4475
0.4474
0.4475
0.4474
0.4475
0.4475
0.4475
0.4474
0.4476
0.4475
0.4475
0.4476
